7.576424474843091730e+02 8.918900489807128906e-01
7.576599305888807976e+02 9.090506434440612793e-01
7.576774081896212465e+02 9.144652485847473145e-01
7.576948802863198580e+02 9.146722555160522461e-01
7.577123468787680167e+02 9.262705445289611816e-01
7.577298079667594948e+02 9.173369407653808594e-01
7.577472635500901106e+02 9.178012609481811523e-01
7.577647136285581837e+02 9.146469235420227051e-01
7.577821582019637390e+02 9.194822311401367188e-01
7.577995972701093024e+02 9.257128238677978516e-01
7.578170308327994462e+02 9.211350083351135254e-01
7.578344588898410166e+02 9.203747510910034180e-01
7.578518814410429059e+02 9.171772599220275879e-01
7.578692984862159392e+02 9.261323213577270508e-01
7.578867100251736701e+02 9.187169075012207031e-01
7.579041160577311302e+02 9.242293238639831543e-01
7.579215165837058521e+02 9.206860065460205078e-01
7.579389116029174147e+02 9.239218235015869141e-01
7.579563011151874434e+02 9.211930632591247559e-01
7.579736851203396100e+02 9.208693504333496094e-01
7.579910636181997461e+02 9.242726564407348633e-01
7.580084366085959573e+02 9.300286173820495605e-01
7.580258040913581681e+02 9.187079071998596191e-01
7.580431660663184630e+02 9.159500002861022949e-01
7.580605225333110866e+02 9.124245047569274902e-01
7.580778734921719888e+02 9.168956279754638672e-01
7.580952189427397343e+02 9.024620056152343750e-01
7.581125588848544794e+02 9.105244874954223633e-01
7.581298933183585405e+02 9.133836627006530762e-01
7.581472222430962802e+02 9.217228293418884277e-01
7.581645456589142213e+02 9.280275106430053711e-01
7.581818635656604783e+02 9.227131009101867676e-01
7.581991759631858940e+02 9.256160259246826172e-01
7.582164828513425618e+02 9.197631478309631348e-01
7.582337842299849626e+02 9.194090962409973145e-01
7.582510800989697373e+02 9.248962998390197754e-01
7.582683704581547772e+02 9.240887761116027832e-01
7.582856553074009298e+02 9.215528368949890137e-01
7.583029346465701792e+02 9.251881837844848633e-01
7.583202084755268970e+02 9.208622574806213379e-01
7.583374767941375012e+02 9.191502928733825684e-01
7.583547396022700013e+02 9.230656027793884277e-01
7.583719968997944534e+02 9.224025607109069824e-01
7.583892486865830733e+02 9.186898469924926758e-01
7.584064949625096688e+02 9.039257168769836426e-01
7.584237357274502074e+02 9.060689806938171387e-01
7.584409709812825895e+02 9.239875078201293945e-01
7.584582007238864207e+02 9.276970624923706055e-01
7.584754249551432395e+02 9.349312782287597656e-01
7.584926436749366303e+02 9.387268424034118652e-01
7.585098568831519970e+02 9.257673025131225586e-01
7.585270645796763347e+02 9.335939884185791016e-01
7.585442667643991399e+02 9.257324934005737305e-01
7.585614634372110459e+02 8.708881735801696777e-01
7.585786545980050732e+02 7.938100099563598633e-01
7.585958402466759480e+02 7.918429970741271973e-01
7.586130203831201015e+02 8.812960386276245117e-01
7.586301950072356703e+02 9.293323159217834473e-01
7.586473641189231785e+02 9.370518922805786133e-01
7.586645277180845142e+02 9.379206895828247070e-01
7.586816858046232710e+02 9.445568323135375977e-01
7.586988383784453163e+02 9.471488595008850098e-01
7.587159854394579952e+02 9.447999596595764160e-01
7.587331269875704720e+02 9.452797770500183105e-01
7.587502630226936162e+02 9.403303861618041992e-01
7.587673935447405711e+02 9.110179543495178223e-01
7.587845185536253894e+02 8.344742655754089355e-01
7.588016380492646249e+02 7.308462858200073242e-01
7.588187520315761958e+02 7.356136441230773926e-01
7.588358605004800665e+02 8.445035219192504883e-01
7.588529634558975658e+02 9.115626811981201172e-01
7.588700608977520687e+02 9.388526678085327148e-01
7.588871528259686556e+02 9.472730159759521484e-01
7.589042392404738848e+02 9.488009214401245117e-01
7.589213201411962473e+02 9.553973078727722168e-01
7.589383955280659393e+02 9.571501016616821289e-01
7.589554654010148624e+02 9.563987255096435547e-01
7.589725297599762825e+02 9.536275863647460938e-01
7.589895886048856255e+02 9.560468792915344238e-01
7.590066419356796814e+02 9.420290589332580566e-01
7.590236897522970594e+02 9.126980304718017578e-01
7.590407320546779602e+02 8.993377685546875000e-01
7.590577688427641760e+02 9.181767702102661133e-01
7.590748001164995458e+02 9.363967180252075195e-01
7.590918258758289312e+02 9.448174238204956055e-01
7.591088461206992406e+02 9.511328935623168945e-01
7.591258608510589738e+02 9.607099294662475586e-01
7.591428700668581087e+02 9.678369164466857910e-01
7.591598737680484419e+02 9.596011638641357422e-01
7.591768719545830209e+02 9.617539644241333008e-01
7.591938646264170529e+02 9.633995294570922852e-01
7.592108517835066550e+02 9.616086483001708984e-01
7.592278334258102177e+02 9.622942209243774414e-01
7.592448095532872685e+02 9.574143290519714355e-01
7.592617801658988128e+02 9.566634297370910645e-01
7.592787452636080161e+02 9.587414860725402832e-01
7.592957048463789533e+02 9.599634408950805664e-01
7.593126589141776321e+02 9.583494067192077637e-01
7.593296074669714244e+02 9.546857476234436035e-01
7.593465505047292936e+02 9.563116431236267090e-01
7.593634880274217949e+02 9.568732380867004395e-01
7.593804200350210749e+02 9.545176625251770020e-01
7.593973465275003036e+02 9.499294161796569824e-01
7.594142675048350384e+02 9.529469013214111328e-01
7.594311829670012912e+02 9.526938796043395996e-01
7.594480929139775753e+02 9.446265101432800293e-01
7.594649973457430860e+02 9.430924057960510254e-01
7.594818962622791787e+02 9.382109642028808594e-01
7.594987896635680045e+02 9.376477599143981934e-01
7.595156775495936472e+02 9.257887601852416992e-01
7.595325599203417823e+02 8.946999907493591309e-01
7.595494367757987675e+02 7.828268408775329590e-01
7.595663081159533476e+02 5.330049395561218262e-01
7.595831739407951773e+02 3.035767376422882080e-01
7.596000342503153888e+02 2.542903721332550049e-01
7.596168890445067063e+02 3.374482691287994385e-01
7.596337383233629907e+02 3.657181560993194580e-01
7.596505820868796945e+02 2.876829206943511963e-01
7.596674203350538619e+02 3.073699474334716797e-01
7.596842530678835601e+02 3.514741957187652588e-01
7.597010802853685618e+02 2.615391612052917480e-01
7.597179019875096628e+02 1.286154985427856445e-01
7.597347181743094779e+02 1.247393712401390076e-01
7.597515288457715315e+02 1.813965141773223877e-01
7.597683340019012803e+02 1.908204257488250732e-01
7.597851336427048636e+02 1.624799668788909912e-01
7.598019277681902395e+02 1.434036195278167725e-01
7.598187163783665028e+02 1.034962087869644165e-01
7.598354994732443402e+02 5.786857381463050842e-02
7.598522770528353476e+02 7.874456048011779785e-02
7.598690491171528265e+02 1.696377843618392944e-01
7.598858156662112151e+02 2.693767845630645752e-01
7.599025767000260885e+02 2.878982126712799072e-01
7.599193322186146133e+02 2.002711147069931030e-01
7.599360822219953207e+02 9.598875045776367188e-02
7.599528267101876509e+02 6.086505949497222900e-02
7.599695656832124087e+02 1.191112846136093140e-01
7.599862991410919904e+02 2.128480821847915649e-01
7.600030270838497017e+02 2.787615954875946045e-01
7.600197495115103266e+02 2.819367051124572754e-01
7.600364664240996717e+02 2.249335050582885742e-01
7.600531778216451357e+02 1.190554201602935791e-01
7.600698837041750267e+02 4.679234698414802551e-02
7.600865840717190167e+02 3.042939677834510803e-02
7.601032789243078014e+02 6.068859621882438660e-02
7.601199682619737814e+02 1.232549473643302917e-01
7.601366520847500396e+02 1.925060600042343140e-01
7.601533303926710232e+02 2.274692654609680176e-01
7.601700031857725435e+02 1.973595768213272095e-01
7.601866704640915486e+02 1.248862743377685547e-01
7.602033322276657827e+02 5.584236979484558105e-02
7.602199884765345814e+02 2.840245142579078674e-02
7.602366392107385309e+02 2.541439048945903778e-02
7.602532844303190132e+02 2.642304636538028717e-02
7.602699241353186608e+02 4.890331998467445374e-02
7.602865583257814706e+02 1.016460135579109192e-01
7.603031870017522351e+02 1.509218662977218628e-01
7.603198101632772250e+02 1.614159941673278809e-01
7.603364278104033929e+02 1.252111941576004028e-01
7.603530399431795104e+02 7.395108789205551147e-02
7.603696465616545765e+02 3.490015864372253418e-02
7.603862476658794094e+02 2.861775457859039307e-02
7.604028432559056228e+02 3.243421763181686401e-02
7.604194333317857399e+02 2.905957028269767761e-02
7.604360178935737622e+02 2.469970099627971649e-02
7.604525969413244866e+02 3.347468376159667969e-02
7.604691704750938470e+02 6.685377657413482666e-02
7.604857384949390280e+02 1.049542054533958435e-01
7.605023010009178961e+02 1.183801293373107910e-01
7.605188579930895685e+02 9.277466684579849243e-02
7.605354094715141855e+02 5.850936844944953918e-02
7.605519554362530243e+02 3.082809597253799438e-02
7.605684958873681580e+02 2.782494947314262390e-02
7.605850308249227965e+02 4.011818021535873413e-02
7.606015602489812863e+02 4.848152026534080505e-02
7.606180841596087703e+02 4.173132032155990601e-02
7.606346025568713003e+02 2.815838716924190521e-02
7.606511154408364064e+02 2.325153723359107971e-02
7.606676228115720733e+02 3.515990078449249268e-02
7.606841246691474225e+02 6.437837332487106323e-02
7.607006210136327127e+02 8.921994268894195557e-02
7.607171118450988843e+02 8.413227647542953491e-02
7.607335971636182421e+02 5.757255852222442627e-02
7.607500769692634321e+02 3.501699492335319519e-02
7.607665512621086918e+02 2.305145561695098877e-02
7.607830200422285998e+02 3.320946171879768372e-02
7.607994833096992124e+02 5.813881754875183105e-02
7.608159410645970411e+02 7.166794687509536743e-02
7.608323933069998475e+02 6.867226213216781616e-02
7.608488400369859619e+02 4.880673810839653015e-02
7.608652812546349651e+02 3.171914815902709961e-02
7.608817169600270063e+02 2.300664037466049194e-02
7.608981471532434853e+02 3.226037696003913879e-02
7.609145718343662566e+02 5.851082876324653625e-02
7.609309910034784252e+02 7.774408906698226929e-02
7.609474046606635511e+02 8.102396875619888306e-02
7.609638128060066720e+02 6.484445929527282715e-02
7.609802154395928255e+02 3.919161856174468994e-02
7.609966125615087549e+02 2.734583429992198944e-02
7.610130041718413167e+02 3.742412850260734558e-02
7.610293902706787321e+02 7.231688499450683594e-02
7.610457708581097904e+02 1.065499037504196167e-01
7.610621459342239632e+02 1.254975497722625732e-01
7.610785154991117452e+02 1.205441057682037354e-01
7.610948795528644268e+02 9.306985139846801758e-02
7.611112380955742083e+02 5.041236057877540588e-02
7.611275911273335169e+02 2.711547724902629852e-02
7.611439386482362579e+02 2.729562483727931976e-02
7.611602806583765641e+02 4.152262583374977112e-02
7.611766171578498188e+02 6.429560482501983643e-02
7.611929481467516325e+02 8.521391451358795166e-02
7.612092736251787528e+02 8.041115105152130127e-02
7.612255935932286093e+02 5.545514449477195740e-02
7.612419080509990863e+02 3.274146094918251038e-02
7.612582169985893188e+02 3.429746255278587341e-02
7.612745204360986691e+02 6.929428130388259888e-02
7.612908183636274089e+02 1.293745636940002441e-01
7.613071107812766058e+02 1.892084628343582153e-01
7.613233976891477823e+02 2.300319373607635498e-01
7.613396790873435975e+02 2.451729476451873779e-01
7.613559549759667107e+02 2.170036286115646362e-01
7.613722253551211452e+02 1.391063332557678223e-01
7.613884902249112656e+02 7.106187939643859863e-02
7.614047495854420049e+02 3.434463962912559509e-02
7.614210034368193192e+02 3.277895972132682800e-02
7.614372517791493920e+02 6.228340417146682739e-02
7.614534946125392025e+02 1.061627864837646484e-01
7.614697319370965261e+02 1.380977332592010498e-01
7.614859637529297061e+02 1.242038980126380920e-01
7.615021900601476545e+02 7.915418595075607300e-02
7.615184108588596246e+02 4.321009293198585510e-02
7.615346261491761197e+02 5.408359691500663757e-02
7.615508359312076436e+02 1.249398589134216309e-01
7.615670402050656094e+02 2.333793491125106812e-01
7.615832389708618848e+02 3.462025821208953857e-01
7.615994322287089062e+02 4.161629676818847656e-01
7.616156199787199057e+02 4.534239768981933594e-01
7.616318022210085701e+02 4.726139903068542480e-01
7.616479789556889273e+02 4.314445555210113525e-01
7.616641501828758010e+02 3.298819065093994141e-01
7.616803159026843559e+02 1.935148090124130249e-01
7.616964761152307801e+02 8.951639384031295776e-02
7.617126308206309204e+02 5.139070004224777222e-02
7.617287800190021017e+02 8.987239748239517212e-02
7.617449237104615349e+02 1.793000996112823486e-01
7.617610618951271135e+02 2.735325098037719727e-01
7.617771945731174128e+02 2.983853518962860107e-01
7.617933217445511218e+02 2.244777679443359375e-01
7.618094434095479528e+02 1.261679381132125854e-01
7.618255595682273906e+02 1.160500347614288330e-01
7.618416702207101707e+02 2.427971363067626953e-01
7.618577753671169148e+02 4.385713636875152588e-01
7.618738750075689268e+02 5.737126469612121582e-01
7.618899691421880789e+02 5.886592268943786621e-01
7.619060577710964708e+02 5.957072973251342773e-01
7.619221408944165432e+02 6.525846719741821289e-01
7.619382185122717601e+02 7.602261304855346680e-01
7.619542906247852443e+02 8.135489821434020996e-01
7.619703572320811418e+02 8.443959355354309082e-01
7.619864183342835986e+02 8.423936963081359863e-01
7.620024739315174429e+02 8.395046591758728027e-01
7.620185240239078439e+02 8.440069556236267090e-01
7.620345686115801982e+02 8.565936088562011719e-01
7.620506076946602434e+02 8.593389391899108887e-01
7.620666412732746267e+02 8.599562644958496094e-01
7.620826693475497677e+02 8.514745831489562988e-01
7.620986919176126548e+02 8.253069519996643066e-01
7.621147089835908446e+02 7.615845799446105957e-01
7.621307205456116662e+02 7.253937125205993652e-01
7.621467266038034722e+02 7.406774759292602539e-01
7.621627271582946150e+02 7.506603598594665527e-01
7.621787222092136744e+02 7.351614832878112793e-01
7.621947117566896850e+02 7.051216363906860352e-01
7.622106958008521360e+02 6.804895401000976562e-01
7.622266743418305168e+02 6.188054680824279785e-01
7.622426473797548852e+02 5.210941433906555176e-01
7.622586149147554124e+02 3.753934502601623535e-01
7.622745769469627248e+02 2.166892588138580322e-01
7.622905334765074485e+02 1.034274920821189880e-01
7.623064845035207782e+02 5.616536363959312439e-02
7.623224300281339083e+02 9.496613591909408569e-02
7.623383700504787157e+02 2.148942947387695312e-01
7.623543045706867360e+02 3.740372359752655029e-01
7.623702335888901871e+02 4.835935533046722412e-01
7.623861571052214003e+02 5.373892784118652344e-01
7.624020751198128210e+02 5.837643742561340332e-01
7.624179876327973489e+02 6.254239082336425781e-01
7.624338946443078839e+02 6.284649372100830078e-01
7.624497961544776672e+02 5.858488678932189941e-01
7.624656921634400533e+02 5.208438038825988770e-01
7.624815826713287379e+02 4.025114774703979492e-01
7.624974676782773031e+02 2.517310678958892822e-01
7.625133471844197857e+02 1.202075108885765076e-01
7.625292211898904498e+02 5.040423199534416199e-02
7.625450896948232185e+02 4.784090071916580200e-02
7.625609526993528107e+02 9.839940816164016724e-02
7.625768102036140590e+02 1.705289334058761597e-01
7.625926622077411139e+02 2.183813005685806274e-01
7.626085087118692627e+02 1.904630362987518311e-01
7.626243497161334517e+02 1.175973340868949890e-01
7.626401852206687408e+02 5.465147271752357483e-02
7.626560152256104175e+02 3.484273701906204224e-02
7.626718397310939963e+02 5.558190122246742249e-02
7.626876587372545373e+02 1.298652589321136475e-01
7.627034722442280099e+02 2.452739626169204712e-01
7.627192802521497015e+02 3.505977988243103027e-01
7.627350827611556952e+02 4.082199633121490479e-01
7.627508797713815056e+02 4.574435055255889893e-01
7.627666712829632161e+02 5.309137701988220215e-01
7.627824572960364549e+02 5.741911530494689941e-01
7.627982378107374188e+02 5.697053670883178711e-01
7.628140128272021911e+02 5.307931303977966309e-01
7.628297823455666276e+02 4.675862789154052734e-01
7.628455463659669249e+02 3.651793599128723145e-01
7.628613048885391663e+02 2.456586509943008423e-01
7.628770579134195486e+02 1.379542350769042969e-01
7.628928054407441550e+02 6.638275831937789917e-02
7.629085474706490686e+02 3.470291197299957275e-02
7.629242840032705999e+02 4.074993729591369629e-02
7.629400150387448321e+02 7.639291137456893921e-02
7.629557405772078482e+02 1.234343126416206360e-01
7.629714606187956178e+02 1.379025280475616455e-01
7.629871751636443378e+02 1.113181486725807190e-01
7.630028842118900911e+02 6.328461319208145142e-02
7.630185877636687337e+02 3.279694542288780212e-02
7.630342858191161213e+02 3.208009898662567139e-02
7.630499783783683370e+02 6.197367981076240540e-02
7.630656654415611229e+02 1.365884840488433838e-01
7.630813470088298800e+02 2.416828721761703491e-01
7.630970230803106915e+02 3.251672685146331787e-01
7.631126936561388447e+02 3.776784539222717285e-01
7.631283587364498544e+02 4.398803114891052246e-01
7.631440183213791215e+02 5.211530923843383789e-01
7.631596724110618197e+02 5.687409043312072754e-01
7.631753210056331227e+02 5.723067522048950195e-01
7.631909641052279767e+02 5.453917980194091797e-01
7.632066017099814417e+02 4.891904890537261963e-01
7.632222338200280092e+02 4.089867770671844482e-01
7.632378604355023981e+02 3.422571122646331787e-01
7.632534815565391000e+02 2.630475461483001709e-01
7.632690971832721516e+02 1.705127358436584473e-01
7.632847073158360445e+02 8.052648603916168213e-02
7.633003119543645880e+02 3.595349565148353577e-02
7.633159110989913643e+02 3.348642960190773010e-02
7.633315047498499553e+02 5.470196530222892761e-02
7.633470929070740567e+02 9.603068232536315918e-02
7.633626755707965685e+02 1.177491024136543274e-01
7.633782527411507317e+02 1.039677336812019348e-01
7.633938244182691051e+02 6.839479506015777588e-02
7.634093906022841338e+02 3.765610232949256897e-02
7.634249512933284905e+02 3.006810694932937622e-02
7.634405064915338244e+02 5.008691921830177307e-02
7.634560561970322397e+02 1.124128475785255432e-01
7.634716004099553857e+02 2.110372334718704224e-01
7.634871391304344570e+02 3.046603500843048096e-01
7.635026723586004209e+02 3.606974482536315918e-01
7.635182000945841310e+02 4.287505447864532471e-01
7.635337223385162133e+02 5.100305676460266113e-01
7.635492390905268394e+02 5.805415511131286621e-01
7.635647503507459533e+02 6.077122688293457031e-01
7.635802561193031579e+02 6.167073845863342285e-01
7.635957563963278290e+02 5.734754204750061035e-01
7.636112511819490010e+02 5.061122179031372070e-01
7.636267404762951401e+02 4.625821113586425781e-01
7.636422242794950535e+02 4.416165053844451904e-01
7.636577025916764114e+02 3.996046781539916992e-01
7.636731754129671117e+02 2.903535366058349609e-01
7.636886427434943698e+02 1.692451536655426025e-01
7.637041045833850603e+02 7.878366112709045410e-02
7.637195609327662851e+02 3.660046681761741638e-02
7.637350117917638954e+02 3.586744517087936401e-02
7.637504571605038564e+02 6.381131708621978760e-02
7.637658970391116782e+02 1.054140329360961914e-01
7.637813314277124164e+02 1.255619376897811890e-01
7.637967603264310128e+02 1.064097136259078979e-01
7.638121837353914998e+02 6.639797985553741455e-02
7.638276016547180234e+02 3.687641769647598267e-02
7.638430140845338201e+02 3.263207897543907166e-02
7.638584210249620128e+02 6.163191795349121094e-02
7.638738224761252695e+02 1.372405737638473511e-01
7.638892184381458037e+02 2.425919175148010254e-01
7.639046089111451465e+02 3.404326438903808594e-01
7.639199938952449429e+02 4.044278562068939209e-01
7.639353733905657009e+02 4.771805703639984131e-01
7.639507473972278149e+02 5.652672648429870605e-01
7.639661159153512244e+02 6.349512934684753418e-01
7.639814789450553008e+02 6.587298512458801270e-01
7.639968364864589603e+02 6.705100536346435547e-01
7.640121885396805510e+02 6.455473303794860840e-01
7.640275351048380799e+02 5.882725715637207031e-01
7.640428761820487580e+02 5.670456886291503906e-01
7.640582117714297965e+02 5.741240382194519043e-01
7.640735418730971560e+02 5.769637227058410645e-01
7.640888664871669107e+02 5.123667716979980469e-01
7.641041856137541117e+02 4.062733948230743408e-01
7.641194992529736965e+02 2.762381136417388916e-01
7.641348074049399202e+02 1.469929665327072144e-01
7.641501100697662423e+02 6.468471884727478027e-02
7.641654072475656676e+02 3.893443942070007324e-02
7.641806989384508597e+02 5.393961817026138306e-02
7.641959851425335728e+02 1.004295721650123596e-01
7.642112658599252200e+02 1.432396769523620605e-01
7.642265410907365322e+02 1.468276679515838623e-01
7.642418108350775583e+02 1.041857451200485229e-01
7.642570750930578924e+02 5.765334889292716980e-02
7.642723338647862192e+02 3.464731946587562561e-02
7.642875871503709959e+02 4.830580204725265503e-02
7.643028349499199976e+02 1.050039157271385193e-01
7.643180772635399762e+02 2.180364727973937988e-01
7.643333140913373427e+02 3.391289114952087402e-01
7.643485454334179394e+02 4.271551072597503662e-01
7.643637712898865857e+02 4.990878403186798096e-01
7.643789916608478734e+02 5.780445337295532227e-01
7.643942065464055986e+02 6.619386672973632812e-01
7.644094159466625342e+02 7.087851762771606445e-01
7.644246198617211121e+02 7.266542911529541016e-01
7.644398182916831956e+02 7.324504852294921875e-01
7.644550112366493977e+02 6.951227188110351562e-01
7.644701986967203311e+02 6.549667716026306152e-01
7.644853806719952445e+02 6.593756079673767090e-01
7.645005571625730454e+02 6.958232522010803223e-01
7.645157281685518456e+02 7.035969495773315430e-01
7.645308936900290746e+02 6.796060204505920410e-01
7.645460537271010253e+02 6.171026825904846191e-01
7.645612082798639904e+02 5.229775905609130859e-01
7.645763573484127846e+02 3.775093853473663330e-01
7.645915009328418819e+02 2.222136408090591431e-01
7.646066390332447327e+02 1.050472930073738098e-01
7.646217716497142192e+02 5.294854938983917236e-02
7.646368987823424277e+02 5.783890187740325928e-02
7.646520204312204214e+02 1.131649538874626160e-01
7.646671365964384677e+02 1.822571456432342529e-01
7.646822472780864928e+02 2.094607055187225342e-01
7.646973524762532861e+02 1.687204688787460327e-01
7.647124521910266139e+02 1.003047674894332886e-01
7.647275464224937878e+02 5.383851379156112671e-02
7.647426351707408685e+02 5.048714950680732727e-02
7.647577184358536897e+02 1.087169274687767029e-01
7.647727962179167207e+02 2.248055189847946167e-01
7.647878685170136350e+02 3.693639338016510010e-01
7.648029353332275377e+02 4.783305525779724121e-01
7.648179966666402834e+02 5.541833639144897461e-01
7.648330525173331580e+02 6.352412104606628418e-01
7.648481028853864245e+02 7.179907560348510742e-01
7.648631477708794364e+02 7.627858519554138184e-01
7.648781871738907512e+02 7.923641204833984375e-01
7.648932210944979033e+02 7.975789308547973633e-01
7.649082495327776314e+02 7.759172320365905762e-01
7.649232724888055373e+02 7.474446892738342285e-01
7.649382899626566541e+02 7.513943910598754883e-01
7.649533019544048784e+02 7.757783532142639160e-01
7.649683084641230835e+02 7.965916991233825684e-01
7.649833094918833467e+02 7.820411324501037598e-01
7.649983050377566087e+02 7.680113911628723145e-01
7.650132951018130143e+02 7.437899112701416016e-01
7.650282796841219124e+02 6.891010999679565430e-01
7.650432587847511741e+02 5.901097655296325684e-01
7.650582324037681019e+02 4.655244648456573486e-01
7.650732005412389753e+02 3.173320293426513672e-01
7.650881631972288233e+02 1.813368499279022217e-01
7.651031203718021061e+02 8.768391609191894531e-02
7.651180720650215790e+02 7.930738478899002075e-02
7.651330182769497696e+02 1.500602662563323975e-01
7.651479590076477280e+02 2.433573007583618164e-01
7.651628942571755942e+02 2.952488958835601807e-01
7.651778240255921446e+02 2.681417763233184814e-01
7.651927483129559278e+02 1.840903759002685547e-01
7.652076671193235597e+02 9.349393844604492188e-02
7.652225804447509745e+02 6.838100403547286987e-02
7.652374882892933101e+02 1.369483917951583862e-01
7.652523906530038857e+02 2.770635187625885010e-01
7.652672875359357931e+02 4.383933246135711670e-01
7.652821789381404187e+02 5.477709770202636719e-01
7.652970648596684669e+02 6.115344166755676270e-01
7.653119453005691639e+02 6.883590817451477051e-01
7.653268202608908268e+02 7.698605656623840332e-01
7.653416897406808630e+02 8.228162527084350586e-01
7.653565537399849745e+02 8.399084210395812988e-01
7.653714122588485225e+02 8.491939306259155273e-01
7.653862652973151626e+02 8.278754949569702148e-01
7.654011128554274137e+02 8.182803392410278320e-01
7.654159549332268853e+02 8.300691246986389160e-01
7.654307915307539361e+02 8.577623367309570312e-01
7.654456226480476744e+02 8.685354590415954590e-01
7.654604482851464127e+02 8.665086627006530762e-01
7.654752684420865307e+02 8.747509717941284180e-01
7.654900831189039536e+02 8.595510721206665039e-01
7.655048923156332421e+02 8.452479243278503418e-01
7.655196960323073654e+02 8.043298125267028809e-01
7.655344942689586105e+02 7.437222003936767578e-01
7.655492870256176730e+02 6.752637624740600586e-01
7.655640743023142250e+02 5.811947584152221680e-01
7.655788560990766882e+02 4.232385754585266113e-01
7.655936324159322339e+02 2.386416643857955933e-01
7.656084032529066690e+02 1.174970120191574097e-01
7.656231686100247771e+02 1.117961853742599487e-01
7.656379284873099778e+02 2.075454443693161011e-01
7.656526828847843262e+02 3.461229205131530762e-01
7.656674318024685135e+02 4.358938932418823242e-01
7.656821752403826622e+02 4.119754433631896973e-01
7.656969131985445074e+02 2.831626236438751221e-01
7.657116456769714432e+02 1.525177210569381714e-01
7.657263726756791584e+02 9.948945790529251099e-02
7.657410941946819776e+02 1.802162081003189087e-01
7.657558102339929746e+02 3.448966741561889648e-01
7.657705207936239731e+02 5.259475111961364746e-01
7.657852258735855457e+02 6.519379615783691406e-01
7.657999254738866739e+02 7.345985174179077148e-01
7.658146195945352019e+02 7.943178415298461914e-01
7.658293082355376100e+02 8.448562622070312500e-01
7.658439913968989003e+02 8.687057495117187500e-01
7.658586690786228246e+02 8.815810084342956543e-01
7.658733412807118839e+02 8.870215415954589844e-01
7.658880080031666466e+02 8.682856559753417969e-01
7.659026692459872265e+02 8.673838973045349121e-01
7.659173250091715772e+02 8.633480072021484375e-01
7.659319752927165155e+02 8.583806753158569336e-01
7.659466200966173801e+02 8.011904954910278320e-01
7.659612594208682594e+02 7.348495125770568848e-01
7.659758932654617638e+02 7.304625511169433594e-01
7.659905216303889119e+02 7.971184849739074707e-01
7.660051445156395857e+02 8.706150650978088379e-01
7.660197619212020754e+02 8.815557956695556641e-01
7.660343738470629660e+02 8.616359829902648926e-01
7.660489802932079328e+02 8.360675573348999023e-01
7.660635812596207188e+02 8.202543258666992188e-01
7.660781767462837024e+02 7.943906784057617188e-01
7.660927667531781253e+02 7.039455175399780273e-01
7.661073512802834102e+02 5.442371368408203125e-01
7.661219303275775019e+02 3.301315605640411377e-01
7.661365038950368671e+02 1.721879690885543823e-01
7.661510719826366085e+02 1.698890477418899536e-01
7.661656345903502370e+02 3.057128190994262695e-01
7.661801917181496719e+02 4.591708779335021973e-01
7.661947433660054685e+02 5.305770039558410645e-01
7.662092895338864764e+02 5.027118921279907227e-01
7.662238302217600676e+02 3.881714642047882080e-01
7.662383654295922497e+02 2.387184351682662964e-01
7.662528951573472114e+02 1.660033464431762695e-01
7.662674194049877769e+02 2.571339905261993408e-01
7.662819381724749519e+02 4.510314166545867920e-01
7.662964514597684911e+02 6.192811131477355957e-01
7.663109592668263303e+02 6.673690080642700195e-01
7.663254615936050413e+02 6.824749708175659180e-01
7.663399584400592630e+02 7.283991575241088867e-01
7.663544498061424974e+02 8.235152959823608398e-01
7.663689356918062003e+02 8.828882575035095215e-01
7.663834160970003495e+02 9.082348346710205078e-01
7.663978910216735585e+02 9.172875285148620605e-01
7.664123604657722808e+02 9.104839563369750977e-01
7.664268244292420604e+02 9.104138016700744629e-01
7.664412829120259403e+02 9.211362600326538086e-01
7.664557359140661674e+02 9.356543421745300293e-01
7.664701834353026015e+02 9.391167163848876953e-01
7.664846254756739654e+02 9.470337629318237305e-01
7.664990620351170492e+02 9.475345611572265625e-01
7.665134931135670513e+02 9.469232559204101562e-01
7.665279187109573513e+02 9.475201368331909180e-01
7.665423388272198508e+02 9.415740370750427246e-01
7.665567534622846324e+02 9.294568300247192383e-01
7.665711626160799597e+02 9.100835919380187988e-01
7.665855662885327320e+02 8.986576199531555176e-01
7.665999644795676886e+02 8.739326000213623047e-01
7.666143571891080910e+02 7.967224717140197754e-01
7.666287444170754952e+02 6.938739418983459473e-01
7.666431261633897520e+02 6.268984079360961914e-01
7.666575024279685522e+02 5.817163586616516113e-01
7.666718732107284495e+02 4.578005671501159668e-01
7.666862385115839515e+02 2.812888920307159424e-01
7.667005983304474057e+02 2.287589460611343384e-01
7.667149526672301363e+02 3.707039356231689453e-01
7.667293015218409664e+02 5.750135779380798340e-01
7.667436448941874687e+02 6.981149911880493164e-01
7.667579827841751694e+02 6.926074028015136719e-01
7.667723151917078894e+02 5.684167742729187012e-01
7.667866421166874034e+02 3.724293112754821777e-01
7.668009635590140078e+02 2.593474090099334717e-01
7.668152795185859532e+02 3.416737318038940430e-01
7.668295899952996706e+02 5.509361028671264648e-01
7.668438949890497724e+02 7.332693338394165039e-01
7.668581944997291657e+02 8.313541412353515625e-01
7.668724885272287111e+02 8.874441981315612793e-01
7.668867770714373364e+02 9.194424152374267578e-01
7.669010601322424918e+02 9.428819417953491211e-01
7.669153377095292399e+02 9.481645822525024414e-01
7.669296098031812789e+02 9.553009867668151855e-01
7.669438764130799200e+02 9.471551179885864258e-01
7.669581375391049960e+02 9.405833482742309570e-01
7.669723931811341799e+02 9.469701647758483887e-01
7.669866433390434395e+02 9.585269689559936523e-01
7.670008880127064685e+02 9.609740376472473145e-01
7.670151272019953694e+02 9.620000123977661133e-01
7.670293609067803118e+02 9.589935541152954102e-01
7.670435891269293052e+02 9.560186862945556641e-01
7.670578118623085402e+02 9.588865637779235840e-01
7.670720291127823884e+02 9.588572382926940918e-01
7.670862408782129478e+02 9.560396075248718262e-01
7.671004471584606108e+02 9.506831169128417969e-01
7.671146479533837237e+02 9.485619068145751953e-01
7.671288432628384726e+02 9.338948130607604980e-01
7.671430330866794520e+02 9.213414192199707031e-01
7.671572174247589828e+02 8.866613507270812988e-01
7.671713962769272257e+02 8.651022315025329590e-01
7.671855696430327498e+02 8.640373945236206055e-01
7.671997375229219642e+02 8.746289014816284180e-01
7.672138999164388906e+02 8.712905645370483398e-01
7.672280568234260727e+02 8.134307265281677246e-01
7.672422082437235531e+02 6.593038439750671387e-01
7.672563541771698965e+02 4.541930556297302246e-01
7.672704946236008254e+02 3.804582357406616211e-01
7.672846295828506982e+02 4.996348917484283447e-01
7.672987590547514856e+02 7.039065957069396973e-01
7.673128830391331121e+02 8.208219408988952637e-01
7.673270015358235696e+02 8.236925005912780762e-01
7.673411145446485762e+02 7.410330176353454590e-01
7.673552220654318035e+02 5.474124550819396973e-01
7.673693240979949906e+02 3.907951712608337402e-01
7.673834206421573754e+02 4.153008460998535156e-01
7.673975116977364905e+02 6.053064465522766113e-01
7.674115972645477086e+02 7.989346981048583984e-01
7.674256773424040148e+02 8.900538682937622070e-01
7.674397519311163478e+02 9.278312921524047852e-01
7.674538210304937138e+02 9.370146989822387695e-01
7.674678846403427315e+02 9.523674249649047852e-01
7.674819427604679731e+02 9.652882814407348633e-01
7.674959953906718511e+02 9.652212262153625488e-01
7.675100425307543901e+02 9.659333229064941406e-01
7.675240841805139098e+02 9.643403291702270508e-01
7.675381203397460013e+02 9.621418714523315430e-01
7.675521510082444365e+02 9.690524935722351074e-01
7.675661761858008276e+02 9.726404547691345215e-01
7.675801958722040581e+02 9.736257195472717285e-01
7.675942100672415336e+02 9.795991778373718262e-01
7.676082187706977038e+02 9.769354462623596191e-01
7.676222219823556543e+02 9.852108359336853027e-01
7.676362197019952873e+02 9.816949367523193359e-01
7.676502119293949136e+02 9.832702875137329102e-01
7.676641986643303426e+02 9.829608201980590820e-01
7.676781799065752239e+02 9.763308167457580566e-01
7.676921556559009332e+02 9.708144068717956543e-01
7.677061259120765726e+02 9.765775203704833984e-01
7.677200906748687430e+02 9.772700071334838867e-01
7.677340499440422263e+02 9.749589562416076660e-01
7.677480037193593034e+02 9.786531329154968262e-01
7.677619520005795266e+02 9.762792587280273438e-01
7.677758947874608566e+02 9.637886881828308105e-01
7.677898320797585257e+02 9.516664147377014160e-01
7.678037638772253786e+02 9.516037702560424805e-01
7.678176901796123275e+02 9.250227212905883789e-01
7.678316109866676697e+02 8.432586193084716797e-01
7.678455262981373153e+02 6.711041331291198730e-01
7.678594361137647866e+02 5.300496220588684082e-01
7.678733404332917871e+02 5.411825180053710938e-01
7.678872392564569509e+02 7.044156789779663086e-01
7.679011325829969792e+02 8.591607213020324707e-01
7.679150204126459585e+02 9.058073759078979492e-01
7.679289027451357015e+02 8.819204568862915039e-01
7.679427795801957473e+02 7.789490222930908203e-01
7.679566509175531337e+02 5.896292328834533691e-01
7.679705167569323976e+02 5.010467171669006348e-01
7.679843770980558020e+02 5.914565324783325195e-01
7.679982319406431088e+02 7.832053899765014648e-01
7.680120812844116926e+02 8.936593532562255859e-01
7.680259251290766542e+02 9.378915429115295410e-01
7.680397634743503659e+02 9.571515321731567383e-01
7.680535963199428124e+02 9.702653884887695312e-01
7.680674236655618188e+02 9.733331799507141113e-01
7.680812455109122538e+02 9.729905724525451660e-01
7.680950618556970539e+02 9.731433987617492676e-01
7.681088726996164269e+02 9.769096970558166504e-01
7.681226780423679656e+02 9.912858009338378906e-01
7.681364778836469895e+02 9.850333929061889648e-01
7.681502722231462030e+02 9.835357666015625000e-01
7.681640610605560369e+02 9.753802418708801270e-01
7.681778443955639659e+02 9.733198285102844238e-01
7.681916222278553050e+02 9.614977836608886719e-01
7.682053945571127542e+02 9.318501353263854980e-01
7.682191613830166261e+02 8.652359843254089355e-01
7.682329227052443912e+02 8.119987845420837402e-01
7.682466785234711324e+02 8.366431593894958496e-01
7.682604288373695454e+02 8.972342014312744141e-01
7.682741736466095972e+02 9.579362273216247559e-01
7.682879129508585265e+02 9.770542979240417480e-01
7.683016467497812982e+02 9.822642207145690918e-01
7.683153750430402624e+02 9.829337596893310547e-01
7.683290978302949270e+02 9.859363436698913574e-01
7.683428151112025262e+02 9.868596196174621582e-01
7.683565268854174519e+02 9.840877652168273926e-01
7.683702331525915952e+02 9.851484298706054688e-01
7.683839339123742320e+02 9.756439328193664551e-01
7.683976291644121375e+02 9.759674072265625000e-01
7.684113189083492443e+02 9.769091010093688965e-01
7.684250031438268707e+02 9.699202775955200195e-01
7.684386818704838333e+02 9.576073884963989258e-01
7.684523550879562208e+02 9.032024145126342773e-01
7.684660227958773930e+02 7.657484412193298340e-01
7.684796849938782088e+02 6.516338586807250977e-01
7.684933416815867986e+02 6.623749136924743652e-01
7.685069928586284504e+02 7.978103756904602051e-01
7.685206385246260652e+02 9.205567836761474609e-01
7.685342786791997014e+02 9.475561380386352539e-01
7.685479133219664618e+02 9.369027614593505859e-01
7.685615424525412891e+02 8.596000671386718750e-01
7.685751660705359427e+02 7.024442553520202637e-01
7.685887841755596810e+02 6.330540180206298828e-01
7.686023967672189201e+02 6.875517368316650391e-01
7.686160038451176888e+02 8.493917584419250488e-01
7.686296054088567189e+02 9.345735907554626465e-01
7.686432014580343548e+02 9.680034518241882324e-01
7.686567919922460987e+02 9.809922575950622559e-01
7.686703770110847245e+02 9.830383062362670898e-01
7.686839565141402772e+02 9.842222929000854492e-01
7.686975305009997328e+02 9.795565009117126465e-01
7.687110989712477931e+02 9.819811582565307617e-01
7.687246619244659769e+02 9.750775098800659180e-01
7.687382193602329608e+02 9.761346578598022461e-01
7.687517712781251475e+02 9.873115420341491699e-01
7.687653176777154158e+02 9.845656752586364746e-01
7.687788585585742567e+02 9.825429320335388184e-01
7.687923939202693191e+02 9.785335063934326172e-01
7.688059237623652962e+02 9.829740524291992188e-01
7.688194480844241525e+02 9.840773344039916992e-01
7.688329668860047832e+02 9.854332208633422852e-01
7.688464801666635822e+02 9.850911498069763184e-01
7.688599879259538739e+02 9.852848649024963379e-01
7.688734901634260268e+02 9.853454232215881348e-01
7.688869868786276811e+02 9.829827547073364258e-01
7.689004780711036346e+02 9.792931079864501953e-01
7.689139637403956158e+02 9.789638519287109375e-01
7.689274438860427381e+02 9.782103300094604492e-01
7.689409185075808182e+02 9.819086790084838867e-01
7.689543876045430579e+02 9.767028689384460449e-01
7.689678511764597033e+02 9.781672358512878418e-01
7.689813092228581581e+02 9.821394085884094238e-01
7.689947617432624156e+02 9.791870713233947754e-01
7.690082087371943089e+02 9.733692407608032227e-01
7.690216502041721469e+02 9.642904400825500488e-01
7.690350861437112826e+02 9.553438425064086914e-01
7.690485165553245679e+02 9.506899714469909668e-01
7.690619414385213304e+02 9.549003243446350098e-01
7.690753607928085103e+02 9.573655128479003906e-01
7.690887746176894098e+02 9.363030195236206055e-01
7.691021829126649436e+02 8.455579876899719238e-01
7.691155856772326160e+02 7.357165813446044922e-01
7.691289829108872027e+02 7.066413164138793945e-01
7.691423746131202961e+02 7.862044572830200195e-01
7.691557607834205328e+02 9.025748968124389648e-01
7.691691414212735936e+02 9.554606676101684570e-01
7.691825165261619759e+02 9.571433663368225098e-01
7.691958860975653351e+02 9.403061866760253906e-01
7.692092501349600298e+02 8.554788231849670410e-01
7.692226086378195760e+02 7.526515722274780273e-01
7.692359616056144205e+02 7.369656562805175781e-01
7.692493090378119405e+02 8.272797465324401855e-01
7.692626509338763299e+02 9.367296695709228516e-01
7.692759872932688268e+02 9.616435170173645020e-01
7.692893181154474860e+02 9.619750976562500000e-01
7.693026433998672928e+02 9.580365419387817383e-01
7.693159631459802767e+02 9.557066559791564941e-01
7.693292773532350566e+02 9.347355961799621582e-01
7.693425860210775227e+02 8.806677460670471191e-01
7.693558891489501548e+02 7.963709831237792969e-01
7.693691867362922494e+02 7.655718326568603516e-01
7.693824787825403746e+02 8.125439882278442383e-01
7.693957652871275741e+02 8.903520703315734863e-01
7.694090462494838221e+02 9.318631887435913086e-01
7.694223216690360232e+02 9.541622996330261230e-01
7.694355915452077852e+02 9.699832201004028320e-01
7.694488558774198737e+02 9.668428301811218262e-01
7.694621146650894161e+02 9.688415527343750000e-01
7.694753679076305843e+02 9.706284403800964355e-01
7.694886156044544805e+02 9.785088896751403809e-01
7.695018577549687961e+02 9.800816774368286133e-01
7.695150943585782670e+02 9.810038208961486816e-01
7.695283254146839909e+02 9.864679574966430664e-01
7.695415509226842232e+02 9.806325435638427734e-01
7.695547708819739228e+02 9.675512313842773438e-01
7.695679852919447512e+02 9.621274471282958984e-01
7.695811941519850734e+02 9.745211601257324219e-01
7.695943974614801846e+02 9.867465496063232422e-01
7.696075952198120831e+02 9.847061038017272949e-01
7.696207874263592430e+02 9.846248626708984375e-01
7.696339740804971825e+02 9.851694107055664062e-01
7.696471551815981229e+02 9.914501309394836426e-01
7.696603307290307612e+02 9.871438145637512207e-01
7.696735007221607248e+02 9.831377863883972168e-01
7.696866651603503442e+02 9.720555543899536133e-01
7.696998240429585394e+02 9.776920676231384277e-01
7.697129773693408197e+02 9.869405031204223633e-01
7.697261251388498522e+02 9.891368746757507324e-01
7.697392673508343250e+02 9.808881282806396484e-01
7.697524040046400842e+02 9.594597220420837402e-01
7.697655350996094512e+02 9.049711823463439941e-01
7.697786606350813372e+02 8.264902234077453613e-01
7.697917806103914700e+02 8.004341721534729004e-01
7.698048950248721667e+02 8.356054425239562988e-01
7.698180038778521066e+02 9.206548333168029785e-01
7.698311071686572404e+02 9.651052355766296387e-01
7.698442048966093125e+02 9.728788137435913086e-01
7.698572970610273387e+02 9.736472964286804199e-01
7.698703836612265832e+02 9.310054779052734375e-01
7.698834646965191268e+02 8.448539972305297852e-01
7.698965401662134127e+02 8.082971572875976562e-01
7.699096100696147005e+02 8.397587537765502930e-01
7.699226744060246119e+02 9.301843047142028809e-01
7.699357331747414719e+02 9.787834882736206055e-01
7.699487863750604220e+02 9.900097250938415527e-01
7.699618340062723973e+02 9.934820532798767090e-01
7.699748760676656048e+02 9.898687005043029785e-01
7.699879125585244992e+02 9.910641908645629883e-01
7.700009434781302389e+02 9.855671525001525879e-01
7.700139688257602302e+02 9.840015172958374023e-01
7.700269886006885827e+02 9.751308560371398926e-01
7.700400028021861090e+02 9.715059995651245117e-01
7.700530114295196427e+02 9.664567112922668457e-01
7.700660144819529478e+02 9.599472284317016602e-01
7.700790119587461504e+02 8.944774270057678223e-01
7.700920038591556249e+02 7.465476393699645996e-01
7.701049901824346762e+02 6.497742533683776855e-01
7.701179709278327437e+02 6.797810792922973633e-01
7.701309460945957426e+02 8.176909685134887695e-01
7.701439156819662912e+02 9.305311441421508789e-01
7.701568796891831425e+02 9.618343710899353027e-01
7.701698381154816389e+02 9.612585306167602539e-01
7.701827909600938256e+02 9.769560694694519043e-01
7.701957382222476554e+02 9.883778095245361328e-01
7.702086799011677840e+02 9.881290793418884277e-01
7.702216159960753430e+02 9.854840040206909180e-01
7.702345465061877121e+02 9.902868866920471191e-01
7.702474714307189743e+02 9.867602586746215820e-01
7.702603907688791196e+02 9.962439537048339844e-01
7.702733045198748414e+02 9.911612272262573242e-01
7.702862126829093086e+02 9.901708960533142090e-01
7.702991152571817111e+02 9.881445765495300293e-01
7.703120122418879419e+02 9.801911115646362305e-01
7.703249036362200286e+02 9.840770959854125977e-01
7.703377894393665883e+02 9.906743764877319336e-01
7.703506696505123728e+02 9.913178086280822754e-01
7.703635442688384956e+02 9.913386106491088867e-01
7.703764132935223188e+02 9.895502924919128418e-01
7.703892767237379076e+02 9.880878925323486328e-01
7.704021345586552343e+02 9.913579225540161133e-01
7.704149867974408608e+02 9.916653037071228027e-01
7.704278334392571423e+02 9.856008291244506836e-01
7.704406744832635923e+02 9.769049882888793945e-01
7.704535099286152899e+02 9.695038795471191406e-01
7.704663397744637905e+02 9.333776831626892090e-01
7.704791640199571248e+02 9.100852012634277344e-01
7.704919826642392309e+02 9.103179574012756348e-01
7.705047957064507500e+02 9.497907757759094238e-01
7.705176031457281169e+02 9.806753993034362793e-01
7.705304049812043559e+02 9.849122762680053711e-01
7.705432012120086256e+02 9.891027808189392090e-01
7.705559918372662196e+02 9.786269068717956543e-01
7.705687768560986797e+02 9.408212900161743164e-01
7.705815562676240233e+02 9.129167795181274414e-01
7.705943300709561754e+02 9.121690392494201660e-01
7.706070982652053090e+02 9.457464814186096191e-01
7.706198608494778455e+02 9.776527285575866699e-01
7.706326178228764547e+02 9.814929366111755371e-01
7.706453691844999412e+02 9.836153388023376465e-01
7.706581149334433576e+02 9.934146404266357422e-01
7.706708550687977777e+02 9.941743016242980957e-01
7.706835895896502961e+02 9.896788597106933594e-01
7.706963184950847108e+02 9.921582937240600586e-01
7.707090417841803855e+02 9.874464273452758789e-01
7.707217594560131602e+02 9.902544021606445312e-01
7.707344715096550090e+02 9.866766929626464844e-01
7.707471779441738136e+02 1.000000000000000000e+00
7.707598787586337039e+02 9.938892722129821777e-01
7.707725739520949446e+02 9.930045008659362793e-01
7.707852635236138212e+02 9.858413934707641602e-01
7.707979474722430950e+02 9.893164634704589844e-01
7.708106257970308661e+02 9.965791106224060059e-01
7.708232984970219377e+02 9.880334138870239258e-01
7.708359655712571339e+02 9.971588253974914551e-01
7.708486270187729588e+02 9.942641258239746094e-01
7.708612828386023921e+02 9.919736981391906738e-01
7.708739330297743209e+02 9.897448420524597168e-01
7.708865775913137668e+02 9.922681450843811035e-01
7.708992165222415451e+02 9.932389259338378906e-01
7.709118498215747195e+02 9.927710890769958496e-01
7.709244774883263744e+02 9.910119771957397461e-01
7.709370995215055018e+02 9.905611872673034668e-01
7.709497159201172281e+02 9.857983589172363281e-01
7.709623266831627006e+02 9.892858862876892090e-01
7.709749318096387469e+02 9.922040104866027832e-01
7.709875312985386699e+02 9.906743764877319336e-01
7.710001251488516800e+02 9.966922402381896973e-01
7.710127133595623263e+02 9.966154694557189941e-01
7.710252959296520885e+02 9.934972524642944336e-01
7.710378728580977850e+02 9.927648305892944336e-01
7.710504441438722552e+02 9.925972223281860352e-01
7.710630097859444732e+02 9.938889145851135254e-01
7.710755697832792066e+02 9.858822822570800781e-01
7.710881241348372441e+02 9.952179193496704102e-01
7.711006728395753953e+02 9.857100248336791992e-01
7.711132158964462633e+02 9.879693984985351562e-01
7.711257533043981311e+02 9.902364611625671387e-01
7.711382850623755303e+02 9.876338243484497070e-01
7.711508111693190131e+02 9.918866753578186035e-01
7.711633316241646980e+02 9.864990711212158203e-01
7.711758464258447248e+02 9.718741178512573242e-01
7.711883555732870263e+02 9.528223872184753418e-01
7.712008590654154432e+02 9.461936354637145996e-01
7.712133569011498366e+02 9.337574243545532227e-01
7.712258490794057479e+02 8.952996730804443359e-01
7.712383355990946256e+02 8.491724729537963867e-01
7.712508164591237119e+02 8.471510410308837891e-01
7.712632916583963834e+02 8.889073729515075684e-01
7.712757611958113557e+02 9.323888421058654785e-01
7.712882250702634792e+02 9.550432562828063965e-01
7.713006832806435114e+02 9.575668573379516602e-01
7.713131358258376622e+02 9.668747782707214355e-01
7.713255827047282764e+02 9.898696541786193848e-01
7.713380239161933787e+02 9.865154623985290527e-01
7.713504594591066734e+02 9.739021658897399902e-01
7.713628893323377724e+02 9.412655830383300781e-01
7.713753135347520811e+02 8.975141644477844238e-01
7.713877320652107983e+02 8.927078843116760254e-01
7.714001449225706892e+02 9.212659001350402832e-01
7.714125521056845400e+02 9.712984561920166016e-01
7.714249536134004757e+02 9.870307445526123047e-01
7.714373494445629831e+02 9.857017993927001953e-01
7.714497395980116607e+02 9.775472879409790039e-01
7.714621240725822418e+02 9.642356634140014648e-01
7.714745028671057980e+02 9.581988453865051270e-01
7.714868759804097635e+02 9.710394740104675293e-01
7.714992434113164563e+02 9.778443574905395508e-01
7.715116051586445565e+02 9.894708395004272461e-01
7.715239612212080829e+02 9.937066435813903809e-01
7.715363115978167343e+02 9.994359016418457031e-01
7.715486562872762306e+02 9.931386709213256836e-01
7.715609952883874030e+02 9.843142032623291016e-01
7.715733285999472173e+02 9.871644377708435059e-01
7.715856562207482057e+02 9.816702008247375488e-01
7.715979781495783527e+02 9.778293967247009277e-01
7.716102943852213230e+02 9.401621222496032715e-01
7.716226049264566882e+02 8.585861325263977051e-01
7.716349097720593591e+02 7.714790701866149902e-01
7.716472089208000398e+02 7.691669464111328125e-01
7.716595023714448871e+02 8.354858160018920898e-01
7.716717901227557377e+02 9.194698333740234375e-01
7.716840721734901081e+02 9.547087550163269043e-01
7.716963485224008537e+02 9.763507246971130371e-01
7.717086191682368508e+02 9.712941646575927734e-01
7.717208841097422010e+02 9.641647338867187500e-01
7.717331433456565719e+02 9.537725448608398438e-01
7.717453968747154249e+02 9.154611825942993164e-01
7.717576446956495602e+02 8.843632340431213379e-01
7.717698868071853440e+02 8.708162307739257812e-01
7.717821232080450500e+02 9.030568599700927734e-01
7.717943538969459496e+02 9.560032486915588379e-01
7.718065788726011078e+02 9.798669219017028809e-01
7.718187981337191559e+02 9.833745360374450684e-01
7.718310116790041775e+02 9.814851880073547363e-01
7.718432195071555952e+02 9.747635722160339355e-01
7.718554216168687390e+02 9.919334053993225098e-01
7.718676180068341637e+02 9.973086714744567871e-01
7.718798086757376495e+02 9.992977976799011230e-01
7.718919936222611113e+02 9.880697131156921387e-01
7.719041728450813480e+02 9.930752515792846680e-01
7.719163463428709520e+02 9.886799454689025879e-01
7.719285141142977409e+02 9.872873425483703613e-01
7.719406761580252123e+02 9.753783941268920898e-01
7.719528324727122026e+02 9.677276015281677246e-01
7.719649830570130007e+02 9.787952303886413574e-01
7.719771279095771206e+02 9.886640310287475586e-01
7.719892670290499836e+02 9.954972863197326660e-01
7.720014004140718953e+02 9.936103224754333496e-01
7.720135280632789545e+02 9.925447106361389160e-01
7.720256499753024855e+02 9.873118996620178223e-01
7.720377661487691512e+02 9.848809242248535156e-01
7.720498765823011809e+02 9.905202388763427734e-01
7.720619812745160289e+02 9.937112331390380859e-01
7.720740802240266021e+02 9.875427484512329102e-01
7.720861734294411463e+02 9.851596355438232422e-01
7.720982608893633596e+02 9.463143944740295410e-01
7.721103426023921656e+02 9.276664853096008301e-01
7.721224185671218265e+02 9.288957715034484863e-01
7.721344887821420571e+02 9.509856104850769043e-01
7.721465532460377972e+02 9.847052693367004395e-01
7.721586119573893257e+02 9.943778514862060547e-01
7.721706649147724875e+02 9.906246066093444824e-01
7.721827121167578980e+02 9.962455034255981445e-01
7.721947535619120799e+02 9.967618584632873535e-01
7.722067892487962126e+02 9.907526969909667969e-01
7.722188191759676101e+02 9.908058047294616699e-01
7.722308433419779021e+02 9.783620238304138184e-01
7.722428617453748529e+02 9.769406914710998535e-01
7.722548743847008836e+02 9.763569831848144531e-01
7.722668812584939815e+02 9.766204357147216797e-01
7.722788823652872452e+02 9.717472791671752930e-01
7.722908777036092260e+02 9.796034097671508789e-01
7.723028672719834731e+02 9.769661426544189453e-01
7.723148510689288742e+02 9.936404228210449219e-01
7.723268290929595423e+02 9.960977435111999512e-01
7.723388013425849294e+02 9.865721464157104492e-01
7.723507678163092578e+02 9.749605059623718262e-01
7.723627285126327706e+02 9.810953736305236816e-01
7.723746834300500268e+02 9.784530997276306152e-01
7.723866325670511515e+02 9.887418746948242188e-01
7.723985759221217222e+02 9.863944649696350098e-01
7.724105134937419734e+02 9.795332551002502441e-01
7.724224452803878194e+02 9.790737628936767578e-01
7.724343712805298310e+02 9.714879989624023438e-01
7.724462914926342592e+02 9.679684042930603027e-01
7.724582059151620115e+02 9.647721648216247559e-01
7.724701145465694481e+02 9.566720724105834961e-01
7.724820173853079268e+02 9.516037702560424805e-01
7.724939144298241445e+02 9.557157754898071289e-01
7.725058056785596818e+02 9.466954469680786133e-01
7.725176911299510039e+02 9.127948284149169922e-01
7.725295707824305964e+02 8.945762515068054199e-01
7.725414446344249200e+02 9.081388711929321289e-01
7.725533126843561149e+02 9.494907855987548828e-01
